0.0121018886566, 0.0142857142857
0.0115621089935, 0.0142857142857
0.0117409229279, 0.0142857142857
0.0116491317749, 0.0142857142857
0.0113949775696, 0.0142857142857
0.0127968788147, 0.0142857142857
0.0116510391235, 0.0142857142857
0.0114860534668, 0.0142857142857
0.0119140148163, 0.0142857142857
0.0135707855225, 0.0142857142857
500, 0.0142857142857
0.0123851299286, 0.0142857142857
0.0120401382446, 0.0142857142857
0.0114619731903, 0.0142857142857
0.0131938457489, 0.0142857142857
0.0113050937653, 0.0142857142857
0.0114500522614, 0.0142857142857
0.0114769935608, 0.0142857142857
0.0115058422089, 0.0142857142857
0.0115048885345, 0.0142857142857
0.0116438865662, 0.0142857142857
0.0118470191956, 0.0142857142857
0.0120580196381, 0.0142857142857
0.0114181041718, 0.0142857142857
0.0114691257477, 0.0142857142857
0.0120029449463, 0.0142857142857
0.0121989250183, 0.0142857142857
0.0112581253052, 0.0142857142857
500, 0.0142857142857
0.0112450122833, 0.0142857142857
0.0117621421814, 0.0142857142857
0.0114209651947, 0.0142857142857
0.0115230083466, 0.0142857142857
0.0114629268646, 0.0142857142857
0.0114228725433, 0.0142857142857
0.011234998703, 0.0142857142857
0.0111961364746, 0.0142857142857
0.0113649368286, 0.0142857142857
0.0111720561981, 0.0142857142857
0.0109350681305, 0.0142857142857
0.0118479728699, 0.0142857142857
0.0117020606995, 0.0142857142857
0.0120148658752, 0.0142857142857
0.011216878891, 0.0142857142857
0.0112318992615, 0.0142857142857
0.0112040042877, 0.0142857142857
0.0114390850067, 0.0142857142857
0.0114150047302, 0.0142857142857
0.0111038684845, 0.0142857142857
0.0106070041656, 0.0142857142857
0.0112528800964, 0.0142857142857
0.0116848945618, 0.0142857142857
0.0114669799805, 0.0142857142857
0.0116140842438, 0.0142857142857
0.0116200447083, 0.0142857142857
0.0135090351105, 0.0142857142857
0.0112240314484, 0.0142857142857
0.0113320350647, 0.0142857142857
0.0138149261475, 0.0142857142857
0.0109529495239, 0.0142857142857
0.0111930370331, 0.0142857142857
0.0110700130463, 0.0142857142857
0.011668920517, 0.0142857142857
0.0110578536987, 0.0142857142857
0.0115430355072, 0.0142857142857
0.0117721557617, 0.0142857142857
0.0115189552307, 0.0142857142857
0.0118951797485, 0.0142857142857
0.0111560821533, 0.0142857142857
0.011766910553, 0.0142857142857
0.0110778808594, 0.0142857142857
0.0118451118469, 0.0142857142857
0.0115430355072, 0.0142857142857
0.0120208263397, 0.0142857142857
0.0131890773773, 0.0142857142857
0.012097120285, 0.0142857142857
0.0133860111237, 0.0142857142857
0.0115270614624, 0.0142857142857
0.0117778778076, 0.0142857142857
0.0112171173096, 0.0142857142857
0.011785030365, 0.0142857142857
0.0111088752747, 0.0142857142857
0.011449098587, 0.0142857142857
0.0116281509399, 0.0142857142857
0.0113151073456, 0.0142857142857
0.0118680000305, 0.0142857142857
0.0119400024414, 0.0142857142857
0.0111939907074, 0.0142857142857
0.0111110210419, 0.0142857142857
0.0112471580505, 0.0142857142857
0.0112481117249, 0.0142857142857
0.0112900733948, 0.0142857142857
0.0113391876221, 0.0142857142857
0.011344909668, 0.0142857142857
0.0111429691315, 0.0142857142857
0.0113570690155, 0.0142857142857
0.0118680000305, 0.0142857142857
0.0112957954407, 0.0142857142857
0.011302947998, 0.0142857142857
0.01327085495, 0.0142857142857
0.0114848613739, 0.0142857142857
0.0113010406494, 0.0142857142857
0.0111248493195, 0.0142857142857
0.0116200447083, 0.0142857142857
0.0108439922333, 0.0142857142857
0.0106580257416, 0.0142857142857
0.0117468833923, 0.0142857142857
0.0105321407318, 0.0142857142857
0.0117831230164, 0.0142857142857
0.0113270282745, 0.0142857142857
0.0117390155792, 0.0142857142857
0.0124950408936, 0.0142857142857
0.0111970901489, 0.0142857142857
0.0111870765686, 0.0142857142857
0.0111961364746, 0.0142857142857
0.011157989502, 0.0142857142857
0.0121431350708, 0.0142857142857
0.0120759010315, 0.0142857142857
0.0123839378357, 0.0142857142857
0.0111939907074, 0.0142857142857
0.0113968849182, 0.0142857142857
0.0110540390015, 0.0142857142857
0.0132310390472, 0.0142857142857
0.011039018631, 0.0142857142857
0.0138490200043, 0.0142857142857
0.0113830566406, 0.0142857142857
0.0112159252167, 0.0142857142857
0.0114099979401, 0.0142857142857
0.0115849971771, 0.0142857142857
0.0112271308899, 0.0142857142857
0.0108759403229, 0.0142857142857
0.0115950107574, 0.0142857142857
0.0113010406494, 0.0142857142857
0.0114121437073, 0.0142857142857
0.0129299163818, 0.0142857142857
0.0116930007935, 0.0142857142857
0.0113339424133, 0.0142857142857
0.0113859176636, 0.0142857142857
0.0115611553192, 0.0142857142857
0.0111119747162, 0.0142857142857
0.0114080905914, 0.0142857142857
0.0121328830719, 0.0142857142857
0.0111000537872, 0.0142857142857
0.0109760761261, 0.0142857142857
0.0116531848907, 0.0142857142857
0.0126781463623, 0.0142857142857
0.0124890804291, 0.0142857142857
0.0112910270691, 0.0142857142857
0.0112881660461, 0.0142857142857
0.0111320018768, 0.0142857142857
0.0118219852448, 0.0142857142857
0.0119230747223, 0.0142857142857
0.0109760761261, 0.0142857142857
0.0109372138977, 0.0142857142857
0.0108790397644, 0.0142857142857
0.011088848114, 0.0142857142857
0.0112900733948, 0.0142857142857
0.0117840766907, 0.0142857142857
0.0111448764801, 0.0142857142857
0.0111529827118, 0.0142857142857
0.0111451148987, 0.0142857142857
0.0113041400909, 0.0142857142857
0.0111999511719, 0.0142857142857
0.0110230445862, 0.0142857142857
0.0109829902649, 0.0142857142857
0.0106320381165, 0.0142857142857
0.0116250514984, 0.0142857142857
0.0110740661621, 0.0142857142857
0.0130569934845, 0.0142857142857
0.0111207962036, 0.0142857142857
0.0112969875336, 0.0142857142857
0.0131530761719, 0.0142857142857
0.0111839771271, 0.0142857142857
0.0119888782501, 0.0142857142857
0.0113129615784, 0.0142857142857
0.0113518238068, 0.0142857142857
0.0115230083466, 0.0142857142857
0.0116059780121, 0.0142857142857
0.0133378505707, 0.0142857142857
0.0112910270691, 0.0142857142857
0.0111880302429, 0.0142857142857
0.0113849639893, 0.0142857142857
0.0117359161377, 0.0142857142857
0.0113759040833, 0.0142857142857
0.0144219398499, 0.0142857142857
0.0110559463501, 0.0142857142857
0.0115361213684, 0.0142857142857
0.01238489151, 0.0142857142857
0.0115101337433, 0.0142857142857
0.0118999481201, 0.0142857142857
0.0144789218903, 0.0142857142857
0.0113289356232, 0.0142857142857
0.011381149292, 0.0142857142857
0.0114259719849, 0.0142857142857
0.0115079879761, 0.0142857142857
0.0122799873352, 0.0142857142857
0.0116379261017, 0.0142857142857
0.0113649368286, 0.0142857142857
0.0118968486786, 0.0142857142857
0.0117080211639, 0.0142857142857
0.0129330158234, 0.0142857142857
0.011246919632, 0.0142857142857
0.0113790035248, 0.0142857142857
0.0119979381561, 0.0142857142857
0.0136020183563, 0.0142857142857
0.0112380981445, 0.0142857142857
0.0111079216003, 0.0142857142857
0.0113830566406, 0.0142857142857
0.0116159915924, 0.0142857142857
0.0118169784546, 0.0142857142857
0.0107700824738, 0.0142857142857
0.0118131637573, 0.0142857142857
0.0115818977356, 0.0142857142857
0.0113160610199, 0.0142857142857
0.0114328861237, 0.0142857142857
0.0117530822754, 0.0142857142857
0.0117027759552, 0.0142857142857
0.012598991394, 0.0142857142857
0.0115032196045, 0.0142857142857
0.0113890171051, 0.0142857142857
0.0125629901886, 0.0142857142857
0.0114901065826, 0.0142857142857
0.0116100311279, 0.0142857142857
0.0113887786865, 0.0142857142857
0.0113291740417, 0.0142857142857
0.0117838382721, 0.0142857142857
0.0119860172272, 0.0142857142857
0.0112788677216, 0.0142857142857
0.0112330913544, 0.0142857142857
0.0113921165466, 0.0142857142857
0.0137779712677, 0.0142857142857
0.0112068653107, 0.0142857142857
0.0116539001465, 0.0142857142857
0.0115180015564, 0.0142857142857
0.0118570327759, 0.0142857142857
0.0113570690155, 0.0142857142857
0.0130650997162, 0.0142857142857
0.0117020606995, 0.0142857142857
0.0114572048187, 0.0142857142857
0.0117299556732, 0.0142857142857
0.012344121933, 0.0142857142857
0.0120759010315, 0.0142857142857
0.0118238925934, 0.0142857142857
0.0118680000305, 0.0142857142857
0.0116119384766, 0.0142857142857
0.0119271278381, 0.0142857142857
0.011500120163, 0.0142857142857
0.0112409591675, 0.0142857142857
0.0108289718628, 0.0142857142857
0.0114960670471, 0.0142857142857
0.0118300914764, 0.0142857142857
0.0122630596161, 0.0142857142857
0.0114080905914, 0.0142857142857
0.0112278461456, 0.0142857142857
0.0121049880981, 0.0142857142857
0.0118420124054, 0.0142857142857
0.0113379955292, 0.0142857142857
0.0114901065826, 0.0142857142857
0.0113849639893, 0.0142857142857
0.0111300945282, 0.0142857142857
0.0112669467926, 0.0142857142857
0.0113530158997, 0.0142857142857
0.011482000351, 0.0142857142857
0.011137008667, 0.0142857142857
0.0112299919128, 0.0142857142857
0.0113139152527, 0.0142857142857
0.0124537944794, 0.0142857142857
0.0109961032867, 0.0142857142857
0.0114150047302, 0.0142857142857
0.0121791362762, 0.0142857142857
0.0121738910675, 0.0142857142857
0.0112781524658, 0.0142857142857
0.0118780136108, 0.0142857142857
0.0115320682526, 0.0142857142857
0.0109961032867, 0.0142857142857
0.0116500854492, 0.0142857142857
0.0126149654388, 0.0142857142857
0.0113968849182, 0.0142857142857
0.012423992157, 0.0142857142857
0.0114409923553, 0.0142857142857
0.0115489959717, 0.0142857142857
0.0116851329803, 0.0142857142857
0.0112280845642, 0.0142857142857
0.0118789672852, 0.0142857142857
0.01313996315, 0.0142857142857
0.0122900009155, 0.0142857142857
0.0123178958893, 0.0142857142857
0.0115928649902, 0.0142857142857
0.0113589763641, 0.0142857142857
0.0113089084625, 0.0142857142857
0.0110859870911, 0.0142857142857
0.0118048191071, 0.0142857142857
0.0116231441498, 0.0142857142857
0.0121028423309, 0.0142857142857
0.0119941234589, 0.0142857142857
0.0122940540314, 0.0142857142857
0.0114860534668, 0.0142857142857
0.01207280159, 0.0142857142857
0.0131151676178, 0.0142857142857
0.0126221179962, 0.0142857142857
0.0117349624634, 0.0142857142857
500, 0.0142857142857
500, 0.0142857142857
0.01229596138, 0.0142857142857
0.0106859207153, 0.0142857142857
0.0118479728699, 0.0142857142857
0.011745929718, 0.0142857142857
0.0130798816681, 0.0142857142857
0.0144989490509, 0.0142857142857
0.0134620666504, 0.0142857142857
0.0120558738708, 0.0142857142857
0.0121228694916, 0.0142857142857
0.0131318569183, 0.0142857142857
0.0117440223694, 0.0142857142857
0.0109779834747, 0.0142857142857
500, 0.0142857142857
0.0115220546722, 0.0142857142857
0.012610912323, 0.0142857142857
0.0117399692535, 0.0142857142857
0.0121288299561, 0.0142857142857
0.0140070915222, 0.0142857142857
0.0124180316925, 0.0142857142857
0.0116398334503, 0.0142857142857
0.0135660171509, 0.0142857142857
0.0134999752045, 0.0142857142857
0.0126838684082, 0.0142857142857
0.0118870735168, 0.0142857142857
0.0131649971008, 0.0142857142857
0.0121350288391, 0.0142857142857
0.011344909668, 0.0142857142857
0.0113000869751, 0.0142857142857
0.0119888782501, 0.0142857142857
0.011039018631, 0.0142857142857
0.0116651058197, 0.0142857142857
0.0125901699066, 0.0142857142857
0.0124230384827, 0.0142857142857
0.0114920139313, 0.0142857142857
0.0112280845642, 0.0142857142857
0.0111930370331, 0.0142857142857
0.0112409591675, 0.0142857142857
0.0135450363159, 0.0142857142857
0.0113949775696, 0.0142857142857
0.0115759372711, 0.0142857142857
0.011677980423, 0.0142857142857
500, 0.0142857142857
0.011216878891, 0.0142857142857
0.0111620426178, 0.0142857142857
0.011125087738, 0.0142857142857
0.0109779834747, 0.0142857142857
0.0111479759216, 0.0142857142857
0.0131058692932, 0.0142857142857
0.0114200115204, 0.0142857142857
0.0110330581665, 0.0142857142857
0.0115840435028, 0.0142857142857
0.0108549594879, 0.0142857142857
0.0113430023193, 0.0142857142857
0.0116789340973, 0.0142857142857
0.0113220214844, 0.0142857142857
0.0116159915924, 0.0142857142857
0.0132160186768, 0.0142857142857
0.0123910903931, 0.0142857142857
0.0119218826294, 0.0142857142857
0.0114331245422, 0.0142857142857
0.0115220546722, 0.0142857142857
0.0108890533447, 0.0142857142857
0.012088060379, 0.0142857142857
0.0113019943237, 0.0142857142857
0.0120990276337, 0.0142857142857
0.0111601352692, 0.0142857142857
0.0120561122894, 0.0142857142857
0.0121929645538, 0.0142857142857
0.0112779140472, 0.0142857142857
0.0115728378296, 0.0142857142857
0.0118138790131, 0.0142857142857
0.0122740268707, 0.0142857142857
0.011039018631, 0.0142857142857
0.0110189914703, 0.0142857142857
0.0145261287689, 0.0142857142857
0.0122139453888, 0.0142857142857
0.0112879276276, 0.0142857142857
0.0115790367126, 0.0142857142857
0.0116748809814, 0.0142857142857
0.0120179653168, 0.0142857142857
0.0118088722229, 0.0142857142857
0.0118508338928, 0.0142857142857
0.0116908550262, 0.0142857142857
0.0114240646362, 0.0142857142857
0.0113129615784, 0.0142857142857
0.0110909938812, 0.0142857142857
0.0120041370392, 0.0142857142857
0.0112860202789, 0.0142857142857
0.0114719867706, 0.0142857142857
0.0121037960052, 0.0142857142857
0.0115871429443, 0.0142857142857
0.0112988948822, 0.0142857142857
0.0113229751587, 0.0142857142857
0.0109097957611, 0.0142857142857
0.0120170116425, 0.0142857142857
0.0130040645599, 0.0142857142857
0.011482000351, 0.0142857142857
0.0112371444702, 0.0142857142857
0.0118100643158, 0.0142857142857
0.0120780467987, 0.0142857142857
0.0121200084686, 0.0142857142857
0.0112929344177, 0.0142857142857
0.0123739242554, 0.0142857142857
0.011430978775, 0.0142857142857
0.0117499828339, 0.0142857142857
0.0113890171051, 0.0142857142857
0.0111539363861, 0.0142857142857
0.0115921497345, 0.0142857142857
0.0112080574036, 0.0142857142857
0.0108730792999, 0.0142857142857
0.0123791694641, 0.0142857142857
0.011214017868, 0.0142857142857
0.0117590427399, 0.0142857142857
0.0130250453949, 0.0142857142857
0.0113158226013, 0.0142857142857
0.0113160610199, 0.0142857142857
0.0113608837128, 0.0142857142857
0.0118350982666, 0.0142857142857
0.0115439891815, 0.0142857142857
0.0114090442657, 0.0142857142857
0.0110101699829, 0.0142857142857
0.0112979412079, 0.0142857142857
0.0133562088013, 0.0142857142857
0.0112738609314, 0.0142857142857
0.011705160141, 0.0142857142857
0.0113880634308, 0.0142857142857
0.0116331577301, 0.0142857142857
0.0120549201965, 0.0142857142857
0.0113937854767, 0.0142857142857
0.0121059417725, 0.0142857142857
0.0124571323395, 0.0142857142857
0.0112459659576, 0.0142857142857
0.0116169452667, 0.0142857142857
0.0113170146942, 0.0142857142857
0.0114541053772, 0.0142857142857
0.0109879970551, 0.0142857142857
0.0112750530243, 0.0142857142857
0.0125329494476, 0.0142857142857
0.012011051178, 0.0142857142857
500, 0.0142857142857
0.0128929615021, 0.0142857142857
0.0115549564362, 0.0142857142857
0.0116541385651, 0.0142857142857
0.0115020275116, 0.0142857142857
0.0115268230438, 0.0142857142857
0.0116360187531, 0.0142857142857
0.0129499435425, 0.0142857142857
0.0121569633484, 0.0142857142857
0.0123071670532, 0.0142857142857
0.0136580467224, 0.0142857142857
0.0114488601685, 0.0142857142857
0.0107879638672, 0.0142857142857
0.0119559764862, 0.0142857142857
0.0120618343353, 0.0142857142857
0.012130022049, 0.0142857142857
0.0110580921173, 0.0142857142857
0.0114288330078, 0.0142857142857
0.0110671520233, 0.0142857142857
0.0115060806274, 0.0142857142857
0.0112209320068, 0.0142857142857
0.011440038681, 0.0142857142857
0.0110430717468, 0.0142857142857
0.0134479999542, 0.0142857142857
0.0119760036469, 0.0142857142857
0.0115520954132, 0.0142857142857
0.011470079422, 0.0142857142857
0.0124340057373, 0.0142857142857
0.0108668804169, 0.0142857142857
0.0119240283966, 0.0142857142857
0.0114440917969, 0.0142857142857
0.0117070674896, 0.0142857142857
0.0119469165802, 0.0142857142857
0.0119969844818, 0.0142857142857
0.0113751888275, 0.0142857142857
0.0110681056976, 0.0142857142857
0.0108528137207, 0.0142857142857
0.0110859870911, 0.0142857142857
0.0114769935608, 0.0142857142857
0.0109930038452, 0.0142857142857
0.0110838413239, 0.0142857142857
0.0107860565186, 0.0142857142857
0.010938167572, 0.0142857142857
0.0141870975494, 0.0142857142857
0.0113461017609, 0.0142857142857
0.0112061500549, 0.0142857142857
0.0110168457031, 0.0142857142857
0.0109241008759, 0.0142857142857
0.0113439559937, 0.0142857142857
0.0109250545502, 0.0142857142857
0.012148141861, 0.0142857142857
0.011234998703, 0.0142857142857
0.0114760398865, 0.0142857142857
0.0108320713043, 0.0142857142857
0.0115859508514, 0.0142857142857
0.0120708942413, 0.0142857142857
0.0108358860016, 0.0142857142857
0.0111029148102, 0.0142857142857